45,4
45,3
45,2
45,1
45,0
44,5
44,4
44,3
44,2
44,1
44,0
43,7
43,6
43,5
43,4
43,3
43,2
43,1
43,0
0,278
0,9
34,2
34,0
42,52
42,51
42,50
42,49
42,48
42,47
42,46
42,45
42,44
42,43
42,42
42,41
42,40
42,39
42,38
42,37
42,36
34,3
42,35
10,288
10,286
10,80
10,74
10,278
10,284
10,220
10,224
11,6
11,4
11,14
11,8
11,10
11,12
9,4
9,6
8,9
8,14
8,11
8,17
40,6
40,5
40,4
40,3
40,2
40,1
40,0
36,4
36,3
36,2
36,1
36,0
34,6
34,5
34,1
34,4
20,3
20,2
20,1
19,3
19,2
19,1
12,3
12,2
12,1
11,27
11,25
18,1
11,23
18,3
11,21
11,19
14,1
11,5
11,3
14,3
